1.823069
1.617791
1.539589
1.544477
1.583578
1.617791
1.647116
1.691105
1.681329
1.686217
1.681329
1.700880
1.695992
1.710655
1.715543
1.725318
1.735093
1.842620
1.964809
1.994135
1.725318
1.598240
1.603128
1.627566
1.456501
2.639296
0.596285
1.480938
1.739980
1.808407
1.847283
1.881496
1.911046
1.955034
2.018573
2.091886
2.140763
2.047898
1.803519
1.598240
1.529814
1.568915
1.588465
1.627566
1.642229
1.681329
1.681329
1.695992
1.705767
1.695992
1.705767
1.705767
1.730205
1.837732
1.964809
1.930596
1.666667
1.598240
1.627566
1.642229
1.471163
3.308895
1.568915
0.772238
1.559140
1.764418
1.807957
1.842170
1.881720
1.911046
1.955034
2.018573
2.091886
2.140763
2.047898
1.803519
1.598240
1.529814
1.568915
1.588465
1.627566
1.642229
1.681329
1.681329
1.695992
1.705767
1.695992
1.705767
1.705767
1.730205
1.837732
1.964809
1.930596
1.666667
1.598240
1.627566
1.456501
2.639296
0.596285
1.480938
1.739980
1.808407
1.847283
1.881496
1.911046
1.955034
2.018573
2.091886
2.140763
2.047898
1.803519
1.598240
1.529814
1.568915
1.588465
1.627566
1.642229
1.681329
1.681329
1.695992
1.705767
1.695992
1.705767
1.705767
1.730205
1.837732
1.964809
1.930596
1.666667
1.598240
1.627566
1.642229
1.471163
3.308895
1.568915
0.772238
1.559140
1.764418
1.807957
1.842170
1.881720
1.911046
1.955034
2.018573
2.091886
2.140763
2.047898
1.803519
1.598240
1.529814
1.568915
1.588465
1.627566
1.642229
1.681329
1.681329
1.695992
1.705767
1.695992
1.705767
1.705767
1.730205
1.837732
1.964809
1.930596
1.666667
1.598240
1.627566
1.642229
1.371163
3.408895
1.528915
0.772238
1.559140
1.764418
1.807957
1.842170
1.881720
1.911046
1.955034
2.018573
2.091886
2.140763
2.047898
1.803519
1.598240
1.529814
1.568915
1.588465
1.627566
1.642229
1.681329
1.681329
1.695992
1.705767
1.695992
1.705767
1.705767
1.730205
1.837732
1.964809
1.930596
1.666667
1.598240
1.627566
1.642229
1.471163
3.308895
1.568915
0.772238
1.559140
1.764418
1.807957
1.842170
1.881720
1.911046
1.955034
2.018573
2.091886
2.140763
2.047898
1.803519
1.598240
1.529814
1.568915
1.588465
1.627566
1.642229
1.681329
1.681329
1.695992
1.705767
1.695992
1.705767
1.705767
1.730205
1.837732
1.964809
1.930596
1.666667
1.598240
1.627566
1.642229
1.471163
2.808895
1.568915
0.872238
1.559140
1.764418
1.807957
1.842170
1.881720
1.911046
1.955034
2.018573
2.091886
2.140763
2.047898
1.803519
1.598240
1.529814
1.568915
1.588465
1.627566
1.642229
1.681329
1.681329
1.695992
1.705767
1.695992
1.705767
1.705767
1.730205
1.837732
1.964809
1.930596
1.666667
1.598240
1.627566
1.456501
2.639296
0.596285
1.480938
1.739980
1.808407
1.847283
1.881496
1.911046
1.955034
2.018573
2.091886
2.140763
2.047898
1.803519
1.598240
1.529814
1.568915
1.588465
1.627566
1.642229
1.681329
1.681329
1.695992
1.705767
1.695992
1.705767
1.705767
1.730205
1.837732
1.964809
1.930596
1.666667
1.598240
1.627566
1.642229
1.471163
3.308895
1.568915
0.772238
1.559140
1.764418
1.807957
1.842170
1.881720
1.911046
1.955034
2.018573
2.091886
2.140763
2.047898
1.803519
1.598240
1.529814
1.568915
1.588465
1.627566
1.642229
1.681329
1.681329
1.695992
1.705767
1.695992
1.705767
1.705767
1.730205
1.837732
1.964809
1.930596
1.666667
1.598240
1.627566
1.456501
2.639296
0.596285
1.480938
1.739980
1.808407
1.847283
1.881496
1.911046
1.955034
2.018573
2.091886
2.140763
2.047898
1.803519
1.598240
1.529814
1.568915
1.588465
1.627566
1.642229
1.681329
1.681329
1.695992
1.705767
1.695992
1.705767
1.705767
1.730205
1.837732
1.964809
1.930596
1.666667
1.598240
1.627566
1.642229
1.471163
3.308895
1.568915
0.772238
1.559140
1.764418
1.807957
1.842170
1.881720
1.911046
1.955034
2.018573
2.091886
2.140763
2.047898
1.803519
1.598240
1.529814
1.568915
1.588465
1.627566
1.642229
1.681329
1.681329
1.695992
1.705767
1.695992
1.705767
1.705767
1.730205
1.837732
1.964809
1.930596
1.666667
1.598240
1.627566
1.642229
1.371163
3.408895
1.528915
0.772238
1.559140
1.764418
1.807957
1.842170
1.881720
1.911046
1.955034
2.018573
2.091886
2.140763
2.047898
1.803519
1.598240
1.529814
1.568915
1.588465
1.627566
1.642229
1.681329
1.681329
1.695992
1.705767
1.695992
1.705767
1.705767
1.730205
1.837732
1.964809
1.930596
1.666667
1.598240
1.627566
1.642229
1.471163
3.308895
1.568915
0.772238
1.559140
1.764418
1.807957
1.842170
1.881720
1.911046
1.955034
2.018573
2.091886
2.140763
2.047898
1.803519
1.598240
1.529814
1.568915
1.588465
1.627566
1.642229
1.681329
1.681329
1.695992
1.705767
1.695992
1.705767
1.705767
1.730205
1.837732
1.964809
1.930596
1.666667
1.598240
1.627566
1.642229
1.471163
2.808895
1.568915
0.872238
1.559140
1.764418
1.807957
1.842170
1.881720
1.911046
1.955034
2.018573
2.091886
2.140763
2.047898
1.803519
1.598240
1.529814
1.568915
1.588465
1.627566
1.642229
1.681329
1.681329
1.695992
1.705767
1.695992
1.705767
1.705767
1.730205
1.837732
1.964809
1.930596
1.666667
1.598240
1.627566